16640
5116
5281
8123
6858
19549
4207
4797
14829
8013
7111
4923
14643
4153
4437
18437
6377
4698
8145
14858
4224
4144
5633
12642
4111
4087
4132
4471
14727
4142
4144
4060
4594
13472
4178
4129
4141
4448
10477
4398
10535
4315
9714
4119
4860
7015
4336
9830
4182
4658
7164
4282
4761
6009
4109
4816
6370
4344
4634
5561
4176
4777
5872
4357
4699
5668
4138
4841
5980
4139
4755
6176
4123
4743
6129
4114
4571
4432
4227
4556
4444
4161
4309
4175
4110
4132
4325
4219
4180
4330
4194
4144
4088
4427
4184
4134
4202
4287
4130
4108
4296
4184
4120
4047
4440
4203
4142
4375
4181
4147
4100
4381
4208
4141
4114
4380
4193
4116
4290
4231
4110
4116
4331
4181
4087
4196
4266
4125
4111
4322
4257
4110
4133
4405
4210
4133
4258
4279
4135
4083
4348
4202
4151
4066
4495
4148
4142
4279
4262
4128
4140
4391
4189
4110
4129
4273
4228
4098
4375
4179
4148
4095
4335
4152
4057
4240
4261
4127
4102
4337
4184
4117
4090
4411
4207
4113
4249
4229
4117
4115
4360
6557
6422
6871
6489
6663
6470
6658
6590
6413
6895
6394
6668
8779
6324
4186
4150
4420
4397
4167
4485
4430
4201
4531
4516
4215
4370
4180
4126
4101
4456
4191
4140
4350
4169
4101
4049
4326
4184
4064
4098
4372
4249
4126
4316
4189
4130
4117
4400
4225
4126
4307
4219
4127
4080
4326
4212
4098
4045
4411
4238
4120
4280
4241
4121
4095
4348
4218
4102
4145
4454
4162
4130
4308
4194
4110
4059
4314
4205
4078
4123
4310
4190
4105
4349
4194
4147
4104
4405
4179
4103
4202
4259
4133
4114
4347
4246
4054
4074
4450
4241
4126
4316
4220
4173
4182
4474
4201
4167
4096
4374
4129
4109
4356
4188
4146
4109
4409
4285
4090
4237
4212
4156
4079
4300
4224
4124
4116
4437
4192
4120
4328
4214
4106
4110
4358
4237
4107
4095
4325
4182
4079
4306
4196
4114
4091
4382
4223
4115
4250
4251
4126
4091
4296
4215
4161
4078
4334
4184
4078
4291
4253
4126
4081
4377
4393
4143
4128
4375
4182
4123
4302
4229
4124
4100
4395
4194
4122
4090
4246
4147
4083
4354
4212
4126
4087
4448
4183
4135
4231
4257
4128
4138
4362
4182
4113
4096
4418
4159
4058
4305
4196
4204
4337
4199
4117
4104
4369
4182
4120
4061
4372
4120
4063
4365
4201
4127
4095
4404
4196
4145
4197
4253
4120
4101
4338
4169
4134
4100
4456
4192
4082
4255
4226
4125
4103
4338
4279
4156
4129
4428
4209
4142
4347
4196
4119
4097
4352
4217
4072
4062
4349
4137
4127
4320
4228
4135
4096
4396
4199
4147
4176
4308
4130
4141
4338
4217
4107
4048
4355
4142
4056
4204
4269
4164
4107
4370
4175
4135
4118
4448
4203
4139
4280
4203
4152
4082
4365
4194
4046
4078
4454
4213
4117
4299
4207
4114
4122
4363
4217
4146
4120
4384
4136
4131
4285
4249
4129
4088
4402
4199
4119
4283
4229
4095
4110
4314
4214
4187
4087
