15928
3488
2633
2735
2414
14711
4452
2247
2114
2057
2303
14670
2601
3194
2092
2412
3645
15327
2655
6468
4888
2787
2388
2131
2106
2146
2077
2136
2276
3165
13746
2000
2289
2660
3696
2742
14856
2374
2110
2141
2302
3198
8042
2507
2344
2193
2180
2180
2167
2764
2396
2307
2128
2211
2110
2169
2092
2174
3041
2997
2782
2924
2416
2119
2794
3199
3083
2464
3217
2554
2394
2122
2673
3145
2652
2325
3101
2608
2362
2131
2832
5604
2728
2377
2977
2677
2376
2193
2950
3108
2691
2362
3024
2633
2322
2266
2894
3118
3004
2307
2987
2619
2313
2144
2749
3095
2621
2219
2783
2543
2360
2173
2810
2624
2314
2111
2396
2729
2429
2093
2307
2885
2367
2178
2411
2502
2350
2100
2157
2048
2137
2846
2446
2105
2202
2097
2288
2726
2442
2206
2140
2107
2124
2504
2380
2332
2171
2104
2179
2177
2926
2360
2232
2155
2160
2130
2733
2523
2219
2167
2073
2123
2588
2448
2244
2149
2031
2193
2156
2505
2470
2130
2098
2162
2115
2660
2555
2148
2095
2245
2264
2635
2403
2265
2118
2215
2146
2434
2492
2246
2104
2127
2118
2102
2780
2434
2200
2170
2160
2049
2584
2425
2108
2186
2085
2043
2200
2828
2305
2204
2016
2077
2065
2605
2426
2167
2089
2121
2124
2427
2402
2221
2081
2067
2117
2043
2852
2415
2103
2157
2098
2087
2676
2406
2152
2270
2124
2138
2262
2583
2278
2156
2103
2079
2142
2722
2469
2204
2222
2107
2149
2582
2375
2219
2121
2089
2123
2144
2763
2448
2152
2071
2082
2056
2677
2438
2261
2083
2174
2069
2455
2358
2297
2149
2120
2055
2103
2862
2380
2178
2125
2085
2043
2822
2504
2145
2192
2150
2083
2493
2466
2216
2192
2090
2161
2111
2885
2408
2230
2126
2042
2107
2658
2428
2230
2293
2107
2177
2751
2392
2229
2107
2085
2110
2188
2605
2378
2261
2087
2177
2098
2661
2453
2171
2075
2253
2129
2620
2485
2236
2123
2112
2103
2119
2765
2406
2179
2133
2194
2070
2712
2440
2142
2204
2115
2157
2648
2534
2180
2201
2187
2112
2486
2494
2366
2092
2219
2108
2215
2936
2363
2173
2131
2145
2139
2734
2397
2269
2158
2108
2072
2472
2408
2265
2224
2100
2186
2173
2749
2451
2197
2212
2107
2183
2864
2452
2219
2202
2091
2243
2719
2415
2276
2117
2176
2176
2601
2394
2366
2195
2039
2179
2096
2823
2411
2438
2116
2157
2149
2764
2333
2184
2100
2058
2429
2708
2544
2245
2168
2141
2114
2366
2406
2385
2155
2153
2118
2140
2792
2424
2237
2159
2196
2132
2706
2490
2304
2145
2171
2240
2599
2440
2184
2158
2107
2145
2198
2710
2255
2110
2183
2201
2166
2778
2494
2135
2273
2141
2167
2764
2466
2171
2095
2228
2099
2554
2421
2366
2176
2165
2121
2205
2805
2433
2202
2210
2170
2145
2859
2485
2130
2189
2114
2151
2680
2503
2196
2229
2151
2126
2453
2599
2222
2215
2159
2113
2229
2889
2374
2234
