23476
10894
18333
9127
9452
5499
3101
3078
3053
3111
3074
3000
3098
3069
3049
3048
3043
3086
3073
2977
3073
3061
3075
3098
2981
3053
3067
3035
3046
3164
3038
3108
2977
3060
3047
3034
3045
3059
3070
3090
3021
3001
3092
3007
3081
2980
3057
3098
3021
2999
3027
3092
3050
2970
3069
3052
3044
3001
3013
3088
3071
3021
3086
3041
3067
3077
2986
3081
3054
2988
3016
3057
3005
3123
3013
3066
3070
3040
3043
3095
3005
3065
3022
3015
3100
3018
3064
3015
3011
3092
3020
3017
3121
3113
3083
2982
3030
3067
3034
3051
3107
2996
3012
3008
3063
3064
3021
3066
3019
3033
3074
3034
3021
3032
2994
3080
2995
3029
3087
3000
3002
3046
3057
3022
2978
3052
3059
3134
3028
3037
3028
3065
3082
2975
3095
3042
3054
3028
3043
3011
3057
3021
3046
3025
3051
2992
3065
3043
3033
3058
3035
3050
3070
3030
3017
3080
3019
3048
3010
3245
3160
3083
2993
3063
3042
3094
3151
3013
3074
3039
3054
2997
3042
3089
3008
2985
3102
3052
3045
2990
3017
3074
3033
2974
3097
3028
3036
3090
2997
3091
3073
3015
3023
3098
3052
3044
2984
3076
3068
3040
2985
3068
3018
3048
2964
3037
3078
3022
3009
3074
3062
3069
3024
2989
3055
3017
3059
2982
3002
3042
2998
3004
3353
3043
3103
3000
3075
3046
3045
3066
3035
3001
3063
3079
3041
3042
3044
3070
2987
3078
3082
3044
3002
3062
3013
3027
2979
3029
3130
3036
2991
3119
3001
3106
3033
2962
3070
3011
3072
3015
3055
3126
3033
3016
3053
3003
3081
2985
2991
3081
3024
3123
3099
3011
3052
3038
3000
3061
3025
3038
2995
3054
3093
3035
2977
3068
3012
3051
3052
3027
3047
3043
2962
3145
3007
3070
3005
3040
3048
3017
3094
3000
3018
3062
3027
2973
3041
3159
3097
3041
3031
3084
3094
2939
3067
3033
3054
2996
3021
3099
3065
3015
3024
3012
3069
3071
2973
3089
3057
2997
3033
3029
3056
3061
2966
3042
2986
3380
3116
2985
3101
3107
3038
3040
3028
3043
3036
2968
3047
3070
3046
2974
3028
3019
3047
2970
3074
2977
3021
3004
3036
3096
3068
2964
3074
3023
3041
3065
2973
3042
3069
3041
2990
3037
3041
3042
2973
3074
3051
3002
2998
2989
3086
3039
2969
3072
3078
2990
3030
3057
3052
3051
2978
3048
3082
3026
3071
2981
3067
3067
3029
2991
3063
3013
3069
2976
3048
3055
3009
3020
3031
3062
3030
2970
3096
3070
3026
2988
3026
3027
3057
3071
3046
3031
3019
3107
2986
2998
3095
3010
3000
3083
2988
3041
2963
3067
3042
3037
3005
3040
3058
3066
2976
3087
3062
3002
2998
3025
3065
3054
3024
2984
3034
3112
3046
2989
3063
3043
3011
2996
3031
3143
3043
2947
3047
3076
3048
3016
3007
3114
3011
2967
3146
3044
3020
3002
2980
3073
3073
3006
3018
3073
3074
3071
3134
3118
3068
3044
3032
3087
3004
3083
3035
3027
3092
3036
3053
2985
3017
3088
3049
3013
3054
3145
3061
2998
3058
3038
3051
2995
3085
3032
3031
3049
2992
3024
3028
3046
3031
3066
3057
3034
3034
2987
3074
3041
3023
3027
3073
3029
3012
3023
3059
3072
2987
3044
3073
3021
3024
3044
3038
3037
3051
2980
3083
3024
3020
3228
3102
3082
3071
2955
3050
3028
3023
3025
3056
3052
3053
2979
3030
3050
3027
3062
2981
3078
3035
3054
2962
3052
3094
3090
2977
3076
3019
3015
2994
3009
3046
3099
2985
3055
3032
3042
3030
3038
3024
3099
3010
2985
3019
3029
3032
2990
3043
3045
3061
3032
3033
3075
3016
2965
3081
3063
3039
2986
3026
3059
3102
2974
3052
3046
3018
2998
2998
3045
3001
3061
2996
3040
3062
3073
2980
3034
3029
3025
3025
3030
3049
3060
2971
3055
3054
3013
3016
3032
3008
2990
3024
3031
2992
3083
3034
3005
3058
3045
2993
3062
3014
3089
3053
2974
3052
3020
3041
3041
3033
3040
3061
2967
3042
3024
3055
3317
3041
3051
3167
3016
3024
3020
3055
3077
2976
3041
3072
3006
3001
3266
3093
3085
2986
3100
3049
3017
3014
2997
3046
3097
3025
3019
3066
3037
3002
2971
3077
3087
3009
3020
3007
3055
3059
2952
3093
3028
3039
3030
3018
3059
3040
2956
3061
3061
3058
3093
2981
3061
3092
3048
2980
3056
3036
3037
2980
3080
3053
3058
2982
3026
3091
3047
2978
3078
3043
3033
2996
3018
3045
3052
3035
3017
3059
3031
3054
2973
3046
3104
3005
3000
3059
3014
3092
2982
3079
3068
3040
2988
3018
3062
3043
2964
3123
3027
3020
2988
3031
3051
3058
3005
3022
3084
3023
3056
2987
3031
3132
3025
2975
3056
3248
3161
2996
3093
3072
3018
3068
2973
3048
3069
3017
3030
3046
3065
3069
3008
3062
3068
3027
2976
3091
3013
3015
2961
3116
3038
3042
2991
3026
3024
3055
3023
3023
3063
3035
3073
2985
3036
3085
3027
2994
3061
3014
3075
2990
3033
3034
3020
3008
3043
3066
2983
2982
3118
3003
3037
3020
2992
3038
3050
3023
3017
3128
3027
3035
3003
3031
3057
3030
2992
3044
3032
3033
2967
3040
3041
3060
3024
3011
3034
3037
2964
3013
3130
3013
2990
3144
3016
3112
2988
2995
3054
2995
3051
3022
3001
3073
3002
2995
3051
3044
3074
2962
3043
3046
2993
3033
3044
2987
3088
2958
3053
3019
3039
2993
3045
3117
3046
3004
3023
3044
3052
2995
2981
3094
3034
3019
3028
3040
3021
3075
2985
3032
3028
3035
2995
3068
2983
3079
2974
3008
3060
3002
2999
3006
3096
3000
3103
3108
3051
2998
3067
2994
3052
3067
3008
3032
3047
2994
3078
2981
3022
3064
3016
2998
3061
3032
3078
2983
3111
3115
3023
3003
3039
3026
3013
3020
3025
3076
3103
3014
2965
3036
3043
3003
3011
3029
3011
3069
2976
3121
3072
2999
2992
3068
3043
3030
2982
3037
3053
2996
2975
3057
3063
3033
2985
3022
3048
2997
3093
3186
3160
3059
3003
3008
3023
3038
3082
2997
3096
3087
3009
3031
3080
2980
3078
3009
3006
3155
2976
3088
3019
3036
3043
3026
2977
3057
2983
2997
2969
3055
3079
3026
3022
3035
2986
3043
2973
3021
3010
3053
2981
3015
3033
3019
2979
3077
3038
3055
3026
2997
3039
3035
2968
3013
3070
3012
3082
2961
3005
3093
2993
3009
3073
2996
3043
2969
3089
3066
2972
3007
3024
3054
3088
3019
3007
3054
2993
3024
3043
3028
3045
2969
3034
3046
3030
3009
2974
3055
2986
3035
3007
3055
3089
3043
2984
3072
2997
3023
3019
2999
3053
3045
2960
3046
2982
3070
2980
3000
3031
3058
2976
3036
3031
3012
2996
3121
3042
3074
2973
3036
3024
3004
3031
2973
3041
3026
3049
2983
3030
3033
3078
2987
3039
3008
3056
2982
2988
3045
3021
2982
3058
3006
3013
2972
3017
3030
3207
3084
3044
3056
3027
2987
3009
3054
3011
3015
3046
3027
3079
3083
2989
3053
2997
3050
3046
3005
3035
3082
3003
3098
2996
3100
3018
3018
3090
3120
2969
3046
2994
3057
3018
3000
3091
3024
3028
2979
3016
3079
3146
3019
3089
3019
3134
2965
3009
3031
3036
2964
3065
3007
3112
3030
2985
3035
3042
2985
2994
3036
3003
3295
3098
3148
3064
3048
3036
3061
3090
3051
2992
3109
3066
3078
3046
2994
3050
3056
3057
3006
3037
3034
2995
2978
3079
3051
3036
2981
3010
3062
3026
2983
3076
3052
3035
3031
3020
3066
3009
3020
2980
3078
3008
3062
2989
3043
3115
3073
3019
3007
3061
3122
2984
3075
3066
3050
2974
3020
3133
3040
2979
3066
3121
3111
3001
2991
3081
3061
3034
2991
3039
3061
3003
2987
3004
3071
3012
3015
3096
3017
3114
2967
3019
3057
3039
3006
2995
3071
3018
3031
3007
3123
2998
3078
2960
3047
3063
3038
3032
3056
3029
3034
2971
3071
3013
3015
2987
3078
2987
3060
2961
3026
3076
2999
3012
3052
3043
3379
3027
3008
3052
3003
2999
2987
3077
3053
3036
2990
3071
2994
3081
2989
3042
3072
3005
3019
3063
3008
3048
3018
2953
3052
3007
3020
2966
3052
3141
2989
2994
3048
3067
3031
2966
2999
3112
2986
3020
3059
2992
3058
2976
2999
3099
3043
3005
2998
3076
3026
2960
3067
3033
3041
2999
3012
3042
3032
3021
3032
3028
3039
3024
2981
3042
3012
3007
2990
2994
3062
3044
2987
3059
3063
2995
3037
3023
3011
3063
2961
3009
3047
2992
2994
3065
3019
3091
2969
3041
3011
3021
3006
3066
3016
3037
3065
3032
3040
3010
3057
2980
3057
3017
3021
2973
3000
3074
3003
2965
3064
2990
3032
2994
3011
3014
3119
2978
3043
3044
3008
3021
2996
3030
3000
3005
3031
2984
3073
2968
2987
3110
3026
2991
3100
3020
3094
3002
2971
3083
2989
3047
3034
3009
3134
2997
3031
3250
3019
3065
3029
3052
3088
3037
2959
3064
3044
3033
3091
2983
3018
3042
3059
2983
3061
3061
3102
2973
3024
3033
3019
3008
3019
3043
3029
2976
3064
2975
3060
3023
3055
3020
3077
2997
3034
3027
3088
3012
2981
3059
2997
3002
3017
3060
3046
3079
2962
3153
3044
3025
3028
3123
3065
3081
2964
3020
3043
3016
3022
3045
3330
3062
3008
3044
3054
3042
3066
2982
3108
3058
3001
3024
3021
3063
3090
2993
3052
3039
3023
2983
2993
3091
3062
3009
3055
3011
3097
3009
2960
3082
2997
3004
3055
3029
3009
3083
2969
3041
3015
3050
2986
2991
3013
3063
2988
3094
2996
3048
3009
2999
3030
3028
2966
3016
3016
3156
3082
2977
3042
3027
2969
2990
2979
3073
3073
2977
3021
3056
3037
3002
3066
3034
3054
2963
3065
2980
3045
3019
2994
3035
3007
3017
3024
3050
3037
3006
3041
3022
3022
2992
3026
2997
3052
2990
2967
3016
3111
3050
3023
2998
3249
3038
2987
3052
3029
3046
3008
3013
3056
3081
3033
2999
2987
3098
2964
3002
3375
3018
3100
2999
3015
3083
3021
2982
3054
3020
3089
3026
3003
3043
3009
3098
3101
3004
3055
3025
2982
3085
3079
3008
3010
3034
3063
3068
2972
3094
3046
3058
2993
3572
3268
3853
3478
3184
3050
3070
3018
3116
3014
3014
3105
2995
3017
3011
3004
3078
3016
3018
3091
3018
3077
2983
3055
3102
2999
3004
3064
3019
3034
2986
3055
3051
3103
3065
3023
3022
3090
3024
3002
3014
3004
3035
3014
3019
3118
3013
2996
3120
2996
3079
2967
3061
3022
2999
3021
3070
3010
3021
2975
3078
3051
3102
3070
2973
3036
3135
3036
2969
3043
3008
3035
3016
2984
3074
2991
3026
3092
2987
3051
2979
3041
3375
3059
3057
3053
3002
3083
3032
2981
3081
3020
3089
3026
3009
3031
3045
3026
3010
3064
3047
3003
3041
3061
3041
3053
3032
3038
3047
3040
2972
3060
3032
3063
3004
3001
3087
3045
2955
3024
3032
3044
3025
2988
3104
3012
3023
3142
3004
3073
3032
2975
3017
3034
2983
3008
3031
3019
3039
2993
3063
3046
3039
3040
3042
3032
2987
3020
3043
3000
3104
2989
3045
3010
3050
3000
3012
3029
3044
3005
3000
3075
3009
3029
3076
2993
3074
2990
3025
3046
3025
3032
3013
3000
3061
2985
2993
3080
3122
3134
3015
3041
3098
2990
2980
3073
3025
3044
2984
3042
3053
2994
3012
3041
3035
3027
3007
3078
3343
3115
3052
3014
3044
3007
3035
2985
3116
2989
3085
3003
3018
3028
3050
3067
2964
3040
3048
3060
2973
3020
3032
3022
2988
3008
3018
3048
2978
3024
3046
3057
3019
3044
3098
3035
3008
3029
3011
3065
3001
3033
3007
3026
2979
3071
3028
3028
2961
3024
3019
3024
2984
2990
3030
3055
2992
3022
3062
2980
3030
3027
3041
3054
3033
2979
3048
3043
2983
2980
3062
3072
3000
3019
3049
2982
3085
2978
3046
3054
2993
2990
3074
3022
3040
3039
3068
3086
2996
3078
3026
2988
3012
3055
3019
3086
3055
3020
2965
3054
3064
3093
3021
3037
2979
3092
2965
3016
3043
2983
2995
3052
3040
3019
2958
3115
3028
3035
3001
2982
3056
3031
2983
3026
3034
3008
3039
2978
3030
3081
3003
3006
3009
3094
2990
2959
3047
3024
3056
3029
3038
3056
3081
2968
3056
3058
2984
3169
3032
3014
3065
3006
3025
3068
2995
3064
2972
3047
3073
3049
3004
3020
3043
3079
2983
3064
3045
2993
2995
2991
3099
3034
2962
3108
3010
3032
3010
3000
3054
3173
3051
3008
3004
3040
3059
2962
3042
3047
2984
3013
3060
3067
3000
2969
3066
3040
3023
2997
3053
3051
3088
2962
3075
3075
3030
3026
2994
3044
3021
3023
3355
3090
3102
3044
2983
3040
3054
3018
3014
3037
3053
3057
2963
3076
3053
3025
3002
3012
3045
3012
3006
2984
3023
3040
3008
2988
3027
3074
3034
3010
3038
3049
3038
2965
3098
3113
2990
3011
3036
3040
3008
2976
3063
3054
3054
3019
3007
3055
3031
2985
3021
3041
3025
3099
2992
3032
3040
3049
2997
3026
3019
3024
2973
3070
3039
3059
2990
3022
3063
3059
2969
3065
3070
3009
3013
3054
3012
3031
2972
3067
3058
3029
3079
2980
3031
3092
3008
3004
3027
3081
3043
2975
3053
3009
2978
2995
3041
3010
3083
2966
3089
3050
2981
3008
3003
3095
3016
2976
3203
3032
3087
3057
2988
3069
3056
3264
3029
3087
3016
3134
2999
3031
3077
3010
2983
3087
2997
3051
3033
3044
3089
3043
3053
2974
3078
3042
3043
3018
2997
3058
3018
2976
3054
3054
3002
3012
3071
2994
3034
2984
3193
3049
2998
3028
3008
3036
2997
3009
3012
3036
3123
3032
2993
3100
3024
3002
2999
3149
3041
3082
2965
3068
3028
3050
3024
3020
3042
3045
2949
3026
3082
3012
3033
3017
3031
3041
3027
2992
2986
3009
3041
2987
3037
3084
2986
2998
3061
3000
3043
2974
3134
3086
3025
2993
3037
3023
3038
2977
3018
3091
2970
2970
2981
2993
3114
2974
3005
3051
2983
2998
2984
3071
3031
3039
3020
3007
3053
3023
2982
3080
2991
3370
3003
3020
3103
3041
2971
3061
3046
3036
3005
3020
3045
3026
2953
3085
3067
3025
3040
2970
3056
3039
3024
2974
3009
3085
3012
2971
3047
3045
2995
3001
3032
3020
3048
2971
3052
3008
3022
2972
3008
3077
3001
2959
3034
3080
3085
2994
2997
3070
3026
2964
3067
2997
3009
3090
2985
3033
3099
2988
3007
3055
3046
3040
2983
3027
3043
3101
2991
3035
3020
3073
2972
3055
2963
2988
3014
3048
2982
3040
3011
2991
3025
3038
2957
2968
3069
2992
3027
3078
2993
3060
3006
3026
3008
3048
3000
2981
3012
3123
2975
3012
3040
3019
3025
3001
2994
3023
3007
2996
3012
3027
3104
2981
3106
3019
3103
3024
3066
2999
3017
2953
3040
3100
3103
3011
3053
3010
3063
2975
3004
3066
2997
3012
3027
3123
3112
2980
2975
3098
2990
3042
2963
3029
3069
2991
3002
2994
3190
2993
2967
3032
3161
2996
3037
3069
3009
3103
2998
2987
3054
3069
3035
2991
2986
3060
2988
2980
2986
3039
3018
2974
3062
3044
2999
3026
3067
2996
3028
2975
3066
3031
3076
2976
2995
3032
3008
2961
3057
3058
3004
3031
3012
3084
3046
2977
3002
3060
2982
2990
2973
3059
3008
3011
2988
3013
3031
3000
2982
3036
3005
3332
3035
3057
3031
3182
2968
3054
3066
3010
3001
3034
3034
3064
2978
3023
3045
2988
3034
2992
3038
2998
3044
3011
3028
3051
3062
2966
3031
3036
3035
3041
2995
3009
3106
2988
3028
2992
3054
2992
2994
3122
3020
2976
3022
2981
3023
2989
3013
2994
3046
2962
3051
3003
3053
2955
2993
3063
3033
3076
3007
3032
3054
3050
2964
3045
2986
3022
3015
2985
3058
2997
2988
3047
3055
3035
2988
3014
3052
3003
2996
3078
3000
3058
2996
2978
3010
2995
2965
3013
3008
3061
2976
3011
3066
2983
2971
3050
2992
3048
2952
3009
3040
2993
2992
3006
3020
3037
2957
3030
3049
2969
2985
3009
3039
3000
3256
3026
3008
3112
3033
3000
3043
3014
3208
2998
3015
3076
3013
2980
3076
3076
3003
2995
3001
3030
3064
3010
2986
3052
3101
3021
2968
3029
3046
3016
2991
3000
3041
3011
2969
3079
3091
3015
3032
3012
3000
3090
2958
3034
3016
3019
2970
2996
3069
3050
2966
3100
2992
3054
3000
3040
3042
3033
2958
3058
3024
3037
3032
2973
3074
2987
5213
10303
3499
3474
3773
5354
3522
3029
3477
3089
3069
3060
3115
3037
3079
3032
3009
3053
3027
3003
2982
3138
3044
3062
3000
3054
3049
3059
2981
3100
3022
3015
3031
3057
3009
3059
2995
2993
3059
3027
3042
3010
3022
3068
3004
3044
3063
3045
3019
2987
3131
3019
3044
2995
3022
3041
3024
2986
3092
3117
3024
3056
2995
3020
3054
3074
3010
3036
3032
3068
3023
3030
3098
2989
2972
3089
2994
3062
2978
3065
3046
3075
3011
3085
2997
3078
2972
3069
3052
2996
3094
3005
3015
3092
2995
2999
3058
3002
3056
3027
3007
3116
2978
3005
3066
3092
3035
3020
2982
3077
3031
3002
3189
3054
3088
3123
2993
3064
3039
3035
3030
3025
3046
3008
3034
3063
3129
3097
3052
3032
3011
3064
3069
3005
3061
3193
3129
3002
3041
2994
3132
2993
3010
3074
3062
2977
3080
3029
3103
3017
2989
3064
3049
3005
3027
3022
3045
3007
2970
3084
3117
3006
3040
2996
3061
3035
2965
3010
3019
3064
3013
3047
3024
3079
2938
3244
3144
3071
3032
2978
3083
3093
3009
3007
3018
3040
3086
2989
3074
3042
3000
3010
2992
3124
3100
2987
3062
3042
3027
3099
2996
3049
3001
3098
3022
3041
3005
3044
2961
3156
3053
3033
3001
3040
3071
3063
2963
3097
3055
3070
3124
3029
3037
3069
3018
3029
3045
3063
3016
2964
3041
3093
3006
3023
3224
3019
3081
2986
3052
3087
3081
3048
3008
3046
3019
3022
2994
3049
3047
3047
2990
3043
3047
3045
3015
3047
3017
3040
3042
3031
3086
3107
3044
3044
3006
3077
3063
2986
3064
3007
3092
3046
3026
3007
3027
3027
3063
3034
3097
2999
3025
3114
3048
3002
3056
3020
3099
3059
2968
3050
3001
3045
2982
3000
3066
3067
2969
3080
3010
3080
3022
3063
3027
2999
3030
3086
3046
3042
3004
3001
3053
3032
3008
3071
3011
3069
3028
3065
3058
3022
3063
3010
3041
3086
3051
2977
3100
3045
3068
3012
3016
3074
3186
3063
3048
3004
3048
3081
2981
3058
3039
3003
3038
3025
3072
3068
2961
3035
3026
3239
3046
3014
3070
3113
3030
3026
3046
3025
3045
2971
3091
3123
3022
2970
3034
3088
3020
2986
3064
3090
3015
3000
3009
2996
3106
2974
3070
3079
3031
3037
2981
3089
3064
3014
3008
3033
3027
3012
2979
3054
3014
3011
2986
3012
3043
3037
2967
3076
3069
3016
2996
3027
3058
3081
2969
3072
3029
3001
3017
3031
3066
3041
3325
3015
3068
3049
3099
2979
3035
3159
3021
2982
3073
3036
3053
3000
3054
3099
3032
3046
2979
3059
3077
3024
2982
3017
3007
3060
2976
3050
3028
3015
3028
3058
3039
3088
2956
3062
3083
3014
2989
3079
2994
3060
3020
2980
3054
2988
3034
2990
3022
3043
3032
3009
3075
3010
3050
2988
3019
3083
3026
3051
3092
3030
3026
2979
3019
3089
3029
3012
2994
3069
3049
2974
3123
3025
3015
3055
2969
3080
3052
3015
3027
3078
2978
3070
2954
3051
3077
3046
3005
3020
3080
3058
2969
3051
3075
3010
2998
3032
3064
3065
2963
3067
3102
3050
3025
2971
3044
3066
3008
3010
3049
3045
3055
2970
3080
3346
3090
3044
3235
3053
3037
3043
3051
3032
3018
3063
2983
3054
3052
3031
3020
3067
3007
3055
2985
3041
3085
3021
2996
3035
3017
3035
3066
2981
3024
3020
3047
3013
3019
3055
3020
2995
3076
3056
3047
2983
3021
3073
3035
2997
3065
3039
3048
3001
3044
3083
3039
2996
3075
3045
3047
3030
3019
3050
3049
3054
3019
3065
3072
3025
3028
3019
3031
3085
3003
3045
3042
3027
2997
3006
3022
3035
2984
3048
3044
3034
3048
2977
3042
3043
3038
3022
2996
3016
3061
2969
3007
3066
3027
2993
3043
3031
3014
2951
3070
3000
3011
2993
3036
2991
3029
2941
3066
3017
3030
2966
3050
3002
3036
2935
3063
3361
3070
3043
3015
3063
3060
3030
2996
3195
3020
3043
2999
3020
3068
3017
3030
3068
3078
3012
2971
3107
3047
3015
3038
2987
3059
3057
3026
3010
3050
3025
3033
3005
3041
3054
3040
3011
3064
3045
3026
3004
3049
3057
3049
3014
3051
3044
3056
2947
3094
3058
3050
3055
2982
3029
3046
3017
3021
3077
3037
3070
2989
3030
3078
3060
2979
3017
3037
3041
2997
2993
3122
3034
3016
3082
3002
3023
2964
3061
3093
3042
3057
2986
2996
3069
3199
3012
3061
3044
3064
2991
3025
3043
2991
2980
3044
3041
3044
2960
3010
3069
3022
3004
3070
2990
3070
2974
3029
3032
3033
3076
2985
3036
3084
2970
3075
3071
3026
3105
2995
3009
3080
3031
2984
3082
2993
3060
3022
2997
3061
3019
2979
3058
2996
3029
2974
3040
3040
3005
3053
3012
2993
3055
3026
2989
3068
3019
3215
2997
3055
3079
3021
3008
3070
3015
3042
2960
3054
3059
3030
3005
3058
3027
3038
2971
3017
3065
3038
3083
3020
3021
3079
3023
3014
3079
3047
3060
3000
3020
3066
3036
2998
3051
3001
3072
2968
3078
3076
3025
3046
3018
3014
3054
2987
2993
3014
3028
3050
3009
3015
3076
3003
2999
3032
2995
3066
2983
3027
3124
2998
3319
3102
3041
3066
3061
2988
3099
3010
3096
3029
2989
3042
3022
3018
3049
3010
3083
2999
3030
3041
3050
3001
3073
3008
3047
2996
3008
3082
2991
2962
3067
3042
3033
3010
3023
3081
3036
3045
2980
3018
3069
2995
3005
3068
3043
3059
3003
2994
3101
2991
2980
3351
3078
3169
3012
2988
3103
3020
3048
3010
3019
3116
3065
2971
3053
3021
3060
3021
2999
3042
3035
2951
3207
3072
3100
3090
2983
3066
3062
3027
3010
3039
3017
3088
2963
3061
3082
3026
2977
3032
3041
3034
2974
3077
3028
3049
3016
2994
3066
3021
3008
3036
3004
3014
3042
2968
3082
3089
3013
2990
3002
3078
2995
2957
3055
3247
3177
2991
3041
3087
3077
2970
3059
3017
3091
3052
2972
3101
3067
3030
3051
3020
3079
3018
2974
3088
3035
3032
3021
3046
3041
3070
2975
3066
3071
3028
3096
2978
3072
3055
3011
3006
3038
3013
3047
2979
3107
3082
3042
2993
3009
3127
3078
2977
3043
3042
3046
3006
3043
3090
3059
2998
3027
3035
3037
3067
2971
3100
3031
3030
3025
3050
3036
3032
2978
3043
3057
3002
2979
3034
3083
3021
2963
3112
3034
3053
3009
3010
3102
3063
3036
3058
3058
3039
3056
2970
3075
3047
3015
3030
3059
3043
3068
2981
3048
3055
3008
3005
3013
3092
3033
2955
3037
3032
3034
3020
2950
3029
3045
3033
3041
3339
3070
3073
2998
3108
3081
3034
3005
3051
3037
3067
3020
3014
3046
3030
3062
3002
3057
3058
3012
3004
3054
3032
3028
2998
3044
3081
3046
3007
3103
3022
3045
2970
3111
3009
3032
3008
3009
3055
3213
3037
3073
3055
3041
3052
2987
3018
3057
3041
3044
3051
3030
3060
2983
3064
3066
3035
3062
2977
3051
3104
3083
3002
3084
3044
3057
2988
3068
3032
3074
2978
3081
3061
3026
3021
3033
3090
3059
2967
3044
3047
3029
3074
2997
3045
3049
3073
2985
3029
3077
3053
2963
3060
3041
3021
2971
3042
3021
3049
2977
3047
3029
3078
3017
3111
3067
3069
3020
3007
3052
3027
3065
2989
3055
3048
3346
3090
3026
3056
3112
2986
3069
3081
2986
3054
2986
3049
3106
3000
3004
3025
3063
3086
2976
3040
3117
3007
3014
3039
3080
3043
2966
3055
3093
3019
2982
3040
3038
3034
3030
3021
3074
3008
3057
2979
3059
3078
3021
3002
3075
2994
3067
2962
3031
3055
3001
2980
3049
3042
3044
2983
3089
3057
2985
3029
3065
3052
3056
3031
2969
3057
3023
3042
2993
2999
3076
3024
3080
3062
3063
3078
2986
3156
3053
3028
3005
3073
3109
3042
3012
3000
3038
3046
3085
2995
3089
3080
3026
3045
3073
3016
3076
2952
3019
3063
3027
3024
3071
3038
3068
2989
3063
3077
3013
3063
3022
3020
3075
3025
3017
3094
3106
3070
3018
2978
3083
3156
3015
3129
3032
3067
3079
2983
3085
3034
3076
3046
3005
3102
3040
2978
3088
3042
3098
3030
3045
3077
3056
2955
3050
3033
3091
3190
3040
3079
3042
3029
2978
3037
3081
3055
2983
3059
3026
3060
2982
3010
3107
3043
2975
3066
3030
3045
3038
2961
3084
3041
3037
2992
2990
3078
3048
2964
3032
3008
3084
2978
3010
3081
3049
2982
3047
3006
3126
2993
3030
3046
3077
2990
3073
3029
3107
3055
2990
3087
3094
3047
2998
3025
3061
3087
2986
3037
3074
3015
3203
3124
3121
3072
3042
3038
3030
3050
3086
2966
3077
3047
3051
3027
3051
3041
3075
2971
3048
3085
3016
3008
3075
3032
3026
3007
3017
3072
3035
3066
2996
3086
3069
3005
3023
3063
2994
3024
2978
3088
3050
3020
3000
3054
3014
3066
2990
3045
3049
3013
2969
3021
3066
3053
3032
3018
3026
3014
3029
2956
3085
3075
3044
3013
3048
3046
3075
2965
3078
3048
3029
2990
3048
3065
3022
2955
3053
3078
3047
3008
2997
3073
3111
3019
3023
3043
3044
3041
2955
3045
3049
3027
3007
3060
3077
3060
2968
3084
3054
3022
2991
3060
3054
3042
2967
3077
3094
3025
3012
3184
3044
3078
3039
3011
3049
3080
3332
3019
3052
3100
3023
3032
3005
3036
3028
3045
2981
3080
3021
3047
3013
3032
3042
3052
3023
3064
3035
3031
2999
3038
3175
3073
3058
3034
3032
3077
3043
2968
3023
3082
3060
3016
3024
3062
3086
2972
3068
3148
3050
3000
3043
3139
3077
3026
2986
3055
3059
3042
2985
3061
3056
3000
3029
3178
3052
3051
2979
3086
3080
3050
3104
2974
3051
3072
2990
3007
3034
3001
3073
2974
3028
3096
3013
3015
3048
3053
3044
2975
3087
3048
3004
3009
3018
3057
3044
2970
3080
3045
3026
2992
3014
3057
3064
3022
2968
3020
3055
3060
2973
3063
3046
2991
3007
3011
3021
3067
2980
3024
3039
3012
2983
3229
3180
3101
2977
3083
3038
3049
3090
2993
3040
3055
2990
3018
3043
2993
3038
2976
3060
3085
3040
3022
3097
3088
3054
2977
3052
3143
3027
3117
2986
3053
3092
3008
2981
3044
3005
3063
2967
3021
3083
3022
3017
3065
2988
3061
2977
3023
3092
2993
2982
3032
3080
3058
2967
3045
3045
3023
2978
3020
3023
3054
3002
2980
3077
3034
3056
2967
3063
3078
3016
2981
3039
3028
3050
2976
3248
3102
2991
2984
3026
3058
3046
2968
3041
3052
3021
3015
3026
3034
3075
3005
3016
3056
2983
3035
2956
3010
3078
3001
3008
2994
3041
3082
2976
3067
3012
3004
3018
3011
2996
3055
2939
3015
3002
3041
2966
3113
3062
3054
2965
3049
3032
3004
2992
3035
3006
3042
2966
2989
3011
3059
2983
3029
3049
3029
3069
3071
2998
3080
3055
2992
3055
2988
3028
3020
3056
3035
3016
3155
3109
3060
3081
2991
3121
3111
3109
3016
3009
3058
3069
3040
2965
3085
3064
3015
3012
3041
3028
3071
2964
3076
3077
2991
3002
3024
3020
3065
2950
3018
3071
3071
3077
2971
3041
3039
3020
3028
3040
3026
3074
2960
3034
3048
3030
2968
3024
3036
3040
2977
3055
3089
3096
2987
3059
3089
3041
2956
3035
3041
3012
3052
3285
3071
3071
3026
3044
3043
3065
3086
2975
3064
3092
3005
2985
3022
3063
3057
3014
3019
3067
3025
3109
2986
3042
3101
3053
2989
3071
2996
3066
2974
3079
3076
3017
2986
3046
3085
3055
2971
3055
3042
3029
3057
2985
3107
3035
3000
3029
3061
3047
3091
2960
3049
3050
3024
3017
3093
2984
3061
2974
3043
3106
3031
3239
3025
3005
3048
3010
2983
3086
3020
2999
2972
3124
3069
3034
3004
3018
3050
3024
2977
3033
3085
3003
2992
3077
3019
3070
2975
3002
3072
3016
3027
2976
3049
3048
3000
3023
3046
3018
3027
2960
3032
3059
3004
3007
3069
3027
3065
2986
3068
3067
3006
2975
3020
3045
3358
3023
3042
3086
3044
3024
3017
3019
3077
3030
3022
3097
3008
3016
2969
3099
3086
3027
2974
3044
3028
3048
2981
3053
3006
3109
3061
3003
3020
3077
2974
3031
3081
3068
3045
2979
3031
3079
3020
3019
3086
3039
3043
2970
3069
3071
2993
2998
3053
3020
3055
2970
3054
3055
3019
3029
3039
3042
3063
2996
3005
3081
3046
3014
3031
3022
3017
3028
2998
3007
3012
3046
2984
3044
3052
3038
3007
3047
3010
3035
2982
3039
3068
3008
2972
3000
3057
3041
2993
3074
3037
2996
3032
2977
3068
3073
2995
3014
3043
3030
3037
2986
3067
3054
3029
2982
3043
3077
3014
2977
3044
3038
3002
2985
3034
3061
3413
3076
3040
3060
3077
3060
2993
3019
3045
3047
3012
3076
3031
3075
2955
3085
3064
3033
3071
2992
3041
3069
3020
3042
3055
3031
3064
2992
3034
3255
3037
3024
3031
3023
3097
2996
3022
3054
3020
3038
3001
3035
3040
3043
2973
3026
3039
3003
2997
3023
3065
3032
3024
3004
3040
3063
2983
3027
3039
3009
2997
3084
3027
3020
2964
3068
3026
3039
2975
3022
3019
3071
2981
3088
3083
3007
3075
3011
3032
3083
3046
3006
3063
3044
3094
3013
2999
3050
3048
3007
3086
3012
3042
3000
3030
3097
3007
2987
3110
3077
3054
3090
2984
3029
3084
3061
3041
3028
3050
3034
3024
3065
3032
3068
2996
3312
3163
3117
3039
3000
3030
3055
3094
2970
3055
3053
3028
2974
3021
3056
3076
2960
3055
3036
3060
2985
3023
3086
3079
3039
3012
3062
3048
3054
2989
3091
3033
3080
3055
3047
3054
3055
2952
3097
3077
3032
2998
3043
3021
3091
3003
3018
3078
3004
3061
2976
3052
3091
3010
3025
3042
3068
3048
2980
3071
3048
3033
3036
3056
3057
3058
2987
3080
3083
3037
3065
2982
3048
3078
3009
3026
3075
3045
3093
2981
3088
3053
3022
3003
3124
3053
3067
2940
3056
3108
3035
3100
3005
3001
3128
3038
3004
3123
3008
3067
2976
3054
3080
3009
2980
3083
3044
3075
2969
3056
3042
3198
3069
3023
3045
3071
3184
2974
3054
3014
3063
3002
3016
3084
3014
3035
3033
3023
3071
3003
3020
3085
3044
3038
3003
3037
3060
3051
2972
3076
3039
3051
3038
3008
3032
3008
3019
3230
3073
3033
3080
2948
3087
3070
3009
2995
3028
3077
3033
2965
3034
3000
3058
3015
3046
3104
3014
2990
3076
3037
3074
3002
3053
3041
3076
2987
3054
3040
3062
3079
3001
3043
3036
3007
2996
3017
3052
3024
2982
3043
3034
3064
3020
3026
3084
3043
2967
3075
2984
3012
3013
3026
3060
3055
2940
3052
3007
3056
2976
2999
3337
3119
3047
3040
3044
3080
3045
2980
3065
3045
3050
2996
3032
3073
3100
2981
3053
3056
3066
3037
2979
3080
3062
3065
3017
3030
3078
3066
2974
3101
3065
3029
3026
3006
3067
3080
2978
3085
3046
3029
3047
2996
3046
3094
3013
3004
3047
3025
3022
2962
3044
3040
3016
3005
3041
3076
3059
2970
3065
3022
3022
3012
3036
3030
3083
2954
3039
3062
3007
2992
2994
3060
3013
3009
3001
3008
3026
3038
2973
3081
3072
3010
3003
3013
3070
3080
2990
3043
3080
2980
3030
3049
3024
3105
2951
3029
3025
3031
3016
3153
3053
3054
2981
3014
3046
3003
3069
3005
3070
3074
3009
3019
3010
3022
3035
2978
3367
3064
3076
3086
2985
3067
3021
3036
3029
3046
3043
3057
3003
3071
3069
3026
3036
3032
2993
3080
2990
3043
3044
3019
3031
2986
3093
3045
2978
3089
3065
3010
3045
2981
3059
3090
3051
3031
3079
3004
3083
2990
3037
3135
2992
2996
3056
3053
3054
2975
3023
3061
3055
3003
3010
3115
3030
3031
3047
3036
3002
3049
2984
3060
3134
3031
3046
3043
3019
3078
2963
3020
3079
3002
3002
3130
2999
3104
2981
2994
3100
3016
3032
2965
3065
3029
2997
2985
3043
2982
3066
2983
3028
3080
2978
2980
3031
3020
3006
2971
3044
3030
3033
3012
3008
3032
3010
2963
3032
3066
2998
2987
3053
3022
3092
3292
3054
3023
3016
3067
2978
3007
3022
3017
2988
2999
3069
2982
2976
3100
3028
3009
3009
3029
2997
3074
2975
3024
3068
2995
2981
3055
3022
3065
2976
3040
3032
3034
3003
3045
3034
3017
2960
3068
3024
3032
3045
2957
3055
2976
3080
3009
3000
3068
2998
2982
3065
2975
3045
3019
3003
3082
3047
2944
3070
2992
3021
3002
3018
3053
3012
3096
3032
3035
3041
2987
3021
3026
3020
2966
3024
3034
3136
3000
2967
3032
3039
3030
3013
2995
3128
3037
3019
2999
3053
3037
2979
3010
3059
3029
2978
3025
3040
3001
3001
2979
3068
2966
2979
3012
3056
3022
2966
3053
3118
2998
3015
3069
2988
3098
2969
3304
3056
3080
3054
2999
3056
3044
3053
3009
3070
3052
3032
3016
3085
3028
3064
3022
3020
3029
3020
3021
2987
3016
3046
3040
3000
3023
3025
3011
3026
3024
3042
3031
3019
3029
3060
2970
2985
3079
3033
3018
2964
3075
3033
3012
3014
3020
3052
3056
2974
3073
3034
3015
2990
3034
3022
3147
3016
3011
3027
3035
3066
3019
3014
3038
3057
3000
3044
3036
3042
2970
3029
3058
3005
3011
3053
3031
3069
2962
3031
3042
3039
3002
3042
2992
3063
2949
3050
3168
2984
3073
2975
3043
3035
2985
3029
3020
3025
3012
2952
2987
3089
2993
2983
3028
3047
3291
3046
3033
3063
3011
3006
3187
3059
3036
3034
2990
3050
3107
3060
3036
3019
3005
3012
3008
3008
3042
3023
2969
3055
3032
3015
3024
3092
3004
3083
2965
3014
3108
3079
3071
3019
3041
3098
3009
3011
3040
3050
3123
3022
3120
3042
3218
3144
3043
3018
3041
3104
3000
3055
3034
3019
3002
3026
3004
3047
2998
3003
3048
3024
2970
3076
3026
3035
3011
3037
2993
3091
3003
3020
3091
2997
3035
3056
2999
3044
3057
2992
3072
3040
3126
3050
3018
3031
3081
2979
3021
2984
3071
2983
3001
3065
3000
2981
3021
3067
3036
2997
3035
3025
3032
3006
3054
3006
3038
2984
3016
3047
2994
3086
2971
3037
3041
3102
3017
3023
3044
3042
3017
3052
3035
3047
2984
3065
3021
3018
2963
3073
3094
3054
3028
3005
3024
3034
2958
3101
3043
3007
3055
3002
3016
3083
3084
2993
3075
3011
3048
3023
2997
3056
2990
3039
3121
2998
3007
2973
3054
3113
3022
3018
3234
3035
3054
3005
3033
3068
3028
3050
2992
3003
3056
3023
3022
3051
3062
3049
2973
3029
3066
3037
2989
3057
3059
3015
3068
2944
3034
3001
3006
3012
3031
3055
3028
3016
3046
3058
3025
2996
3033
3044
3043
3011
3059
2991
2996
2990
3071
3075
3037
3014
3102
3013
3080
2988
3064
3071
2984
3057
3018
3000
3062
2960
2989
3364
3040
3082
3000
2999
3078
3032
3032
3078
3045
3093
2973
3070
3097
3019
3022
2998
3018
3019
3058
2991
3053
3050
3019
3025
3078
2989
3039
3034
3019
3015
3060
3021
3000
3069
3029
3019
3110
3019
3064
2977
3009
3092
2995
3017
3030
3020
3045
3051
2965
3027
2984
3066
2997
3009
3069
2980
3000
3087
3104
3111
3035
3003
3085
3019
3018
3022
2999
3122
3127
2978
3069
3052
3087
3030
2986
2990
3080
2973
3150
3032
2993
3022
3045
3028
3021
3026
3041
3067
3026
2998
3046
3058
3017
3033
3038
3051
3048
3016
2973
3080
3037
3042
3045
3013
3022
3059
2961
3009
3035
3040
2994
2987
3093
2985
3228
3178
3050
3078
3063
2983
3095
3090
3007
3002
3035
3020
3068
2980
3045
3042
3022
3041
3010
3085
3020
2980
3109
2996
3045
3028
3040
3047
3075
2997
3034
3066
3026
3102
2982
3026
3080
2999
3004
3078
3039
3125
2985
3019
2987
3057
2984
2995
3082
3030
2981
3076
3013
3079
3033
2981
3032
3071
3000
3006
3052
3011
3113
3005
3032
3035
3094
3010
2987
3045
3042
2976
3044
3039
3012
3015
3064
3069
3020
2973
3071
3031
3015
2982
3033
3129
3049
2984
3018
3033
3032
3140
2990
3027
2999
3161
3031
3069
3035
3069
2968
3055
3030
3050
3012
2994
3083
3013
3092
3054
3003
3054
3026
2992
3033
3068
2981
3001
2997
3046
3109
2985
3010
3040
3034
2997
3039
3061
3070
2966
3071
2999
3088
2997
3012
3080
3059
2974
3083
3015
3181
3071
2982
3081
3090
3002
3028
3070
3050
3046
2956
3066
3053
3000
3000
2991
3069
3056
2970
3108
3012
3059
3024
2976
3074
3014
3008
3053
3009
3055
3050
2974
3030
3041
2979
3018
3023
3067
3037
2986
3081
2998
3089
2995
2998
3076
2999
2971
3098
2992
3059
3061
3061
3327
3124
3042
3000
3018
3086
3036
2972
3113
3121
3144
3073
2960
3050
3077
3024
3050
3056
3030
3028
2980
3121
3039
3017
3027
3030
3017
3050
2974
3120
3060
3037
2979
3243
3040
3076
3016
3024
3071
3051
3033
3067
3036
3088
3017
2987
3047
3036
3051
2967
3072
3025
3037
3003
3042
3023
3033
3043
3082
3013
3050
3082
2961
2990
3083
3006
3007
3053
2997
3080
3019
3021
3065
3011
3019
3084
3044
3044
2960
3057
3054
3023
3007
3067
3032
3026
2961
3028
3224
3097
3076
3012
3026
3058
3029
3026
3069
3019
3067
2989
3110
3044
3034
2997
3070
3028
3044
2979
3039
3103
3028
3062
3024
3031
3082
3073
2996
3090
3009
3074
3012
3011
3066
3010
3032
3073
3029
3057
3000
3018
3095
3002
3094
3021
3008
3065
3008
2971
3074
3047
3056
3018
2998
3041
3061
2964
2995
3031
3042
2979
3009
3275
3155
2983
3090
3051
3028
3051
2980
3057
3042
3104
2986
3017
3072
3103
2974
3062
3066
3084
2976
3052
3093
3040
2961
3045
3044
3041
3032
2965
4276
4503
4532
4507
4450
3904
3042
2984
3012
3131
3034
2982
3082
3089
2992
3009
3121
3062
3027
2973
3047
3078
2988
2998
3044
3051
3065
2988
3013
3074
3002
3044
2976
3091
3049
3013
2967
3033
3053
3038
2968
3057
3065
2990
2992
3036
2986
3104
2956
3011
3089
2987
2947
3026
3025
3037
2968
3042
2985
3005
3001
3006
3011
3009
2965
3052
3050
3072
2998
2987
3111
2984
3061
3003
2971
3043
3006
2975
3063
3009
2956
3027
3020
3008
3023
3016
2999
3031
3018
2998
2979
3019
2967
3012
3024
3026
3024
2938
3060
3016
3001
2993
3016
3009
3027
2953
3078
3018
3009
2976
3028
3030
3058
2967
3038
3285
2997
3019
3036
3019
3062
2961
3056
3133
2981
3046
2972
3058
3030
3004
2975
3069
2996
3052
2970
3032
3103
3069
3077
3023
3364
3078
2986
3027
3354
3036
3098
2990
3044
3078
3012
3006
3079
3025
3068
2999
3049
3047
3001
3147
3033
3023
3054
3057
2986
3053
3000
3028
3036
3009
3275
3057
3128
3080
3090
3107
3014
3174
3054
3121
3010
3019
3033
3066
3068
2983
3072
3045
2999
3013
3044
3033
3033
3001
2979
3056
2995
3034
3006
3069
3115
2998
2978
3036
3049
3018
2975
3049
3032
2984
3039
2997
3056
3030
2969
3071
3033
3027
2984
2978
3068
3051
2973
2992
2989
3035
2984
2982
3067
2999
2957
3081
3120
3170
3053
2964
3062
3036
3032
2981
3001
3014
3024
2972
3032
2994
3069
2985
3084
3030
3037
2962
3062
2989
3065
2990
3003
3075
2977
3006
3051
3022
3061
2942
3218
3102
3069
3060
3003
3009
3111
3051
2964
3009
3053
2992
2997
3038
3011
3067
2970
3035
3004
3033
2973
3122
3053
3003
3018
3102
2997
3058
2964
3034
3067
3021
2987
3037
3027
3072
3068
3023
3030
3034
3047
3020
3000
3025
2990
3036
3109
2982
3090
3160
3014
3080
2998
3014
3084
2981
3058
3024
2977
3057
3013
3016
2982
3214
3186
3041
2982
3074
2990
3053
2990
2989
3009
3070
2983
3072
3001
3078
3019
2995
3039
3024
3063
2979
3057
3052
3050
2972
2997
3020
2999
3015
3033
3064
3020
2985
3070
3005
2998
2958
3047
3044
3001
3015
3088
2978
3043
3015
3044
3033
3013
2948
3037
3013
3029
2962
3103
3029
3036
3024
3020
3005
3070
2974
3027
3037
3113
3038
3024
2981
3079
2990
3064
3040
3004
2995
2963
3114
3016
3019
3012
3013
3035
3032
2957
3065
3002
3040
3008
3019
3024
3027
2968
3044
3074
3000
3018
3030
3046
3065
2970
3029
3023
3002
3069
2975
2992
3038
2989
2962
2997
3105
2983
2959
3113
3028
3008
3006
2993
3393
3064
2983
3073
2998
3064
3003
3006
3085
3044
2962
3106
3025
3057
3032
2972
3079
3046
3004
2985
3035
3022
3003
2985
3073
3023
3025
3001
3035
3042
3108
2982
3046
3035
3005
3026
3061
3035
3019
2981
3046
3035
3036
2956
3016
3065
3009
3000
3006
2997
2988
3053
2972
2997
3038
3007
2992
3055
3000
3028
2964
3036
3015
3042
3006
2983
3037
3016
3101
3069
3014
3010
3005
3028
3007
3022
3023
3029
3039
3070
2974
2982
3066
2990
2994
3051
2997
3015
2932
3101
2995
3040
2993
2995
3011
3039
2962
3001
3041
2961
3001
2991
3080
3015
2966
3064
3017
3029
3006
2966
3026
3109
3030
3009
3041
3219
3083
2989
3073
3043
3023
2975
3050
3049
3054
2969
3126
3043
3002
3012
2973
3120
3022
3007
3013
3007
3038
2989
2960
3042
3069
3012
3025
3043
3014
3028
2963
3042
3074
2991
2992
3068
3038
3052
2969
3026
3053
3012
3003
3067
2992
3073
2963
3122
3065
3033
3062
2987
3020
3086
2985
3030
3074
3017
3031
2982
3019
3024
2994
2995
3148
3065
3016
2964
3092
3030
3012
3029
2983
3079
3040
2974
3046
3030
3002
3005
2998
3074
3020
2985
3032
3027
3021
2996
2966
3043
3001
3016
2997
2986
3099
2986
2958
3071
2995
3070
2993
3001
3073
3027
2971
3069
2970
3053
3021
3043
3016
2966
3029
3047
3009
3326
3030
3081
3034
3066
2996
3008
3049
3015
3049
2979
3096
3006
3076
3007
2998
3091
2998
2966
3040
3004
3051
3031
3003
3067
3052
2940
3027
3073
3043
2961
3038
3030
3032
3016
3179
3027
3171
3041
2973
3020
3013
3051
2998
3019
3051
3060
2974
3030
3054
3007
3026
3058
3061
3144
2986
3081
2981
3053
3106
3007
3084
3041
2977
3029
3045
3053
3054
3009
3022
3109
3052
2955
3064
3029
3112
2994
3029
3026
3017
2973
3025
3040
3010
2969
3069
2988
3037
3025
2982
3094
2977
3064
3018
2993
3064
3059
2974
3089
2993
3052
3024
2973
3039
2994
2991
3045
3047
3044
2982
3007
3063
3005
2988
3015
3047
3057
2990
3037
3017
2986
2987
3092
3049
3024
2959
3049
3025
3037
3033
2973
3024
3102
2996
3019
3086
2994
3044
2991
2997
3138
2970
3032
3074
2993
3054
2977
3071
3004
3022
3015
3007
3041
3426
3137
3007
3063
3044
3024
3013
3035
3028
3046
3040
3024
3026
3044
3003
3017
3053
3024
3036
3080
3053
3058
3000
2990
3086
3059
3062
2980
3000
3078
3029
2985
3065
3015
3062
3006
2985
3065
2979
3015
3052
3049
3047
2977
2980
3045
3009
2973
3029
3062
2987
2961
3112
3002
3072
2974
3014
3052
3105
3058
3004
3043
3029
3031
3008
3002
3021
3015
2979
3110
3020
3014
2966
3117
3016
3053
2979
2989
3026
3005
3123
3087
2994
3018
2994
3017
3037
3062
2970
3055
3055
3008
3004
2981
3035
3070
3051
3004
2989
2982
3069
2961
3018
3063
2988
2989
3097
3018
3056
2970
3030
3063
3058
2998
3002
3078
2986
3013
3049
3053
2982
3027
3044
3018
3067
2952
3054
3002
3043
2982
2988
3037
3108
3154
3047
3001
3087
3003
2955
3042
3046
2974
3005
2998
3058
3006
2970
3081
3028
3045
3019
3007
3064
3036
2971
3024
3087
3072
2962
3022
3087
3035
3010
3008
3155
3124
2983
2991
3073
3073
2998
3022
2980
3121
3036
2990
3039
3025
3028
2997
2995
3058
3029
2974
3087
2985
3090
2973
2995
3098
3028
3015
3029
3002
3067
3025
2976
3009
3044
2998
2984
3020
3064
3010
2969
3070
2988
3089
3027
2996
3089
2989
2970
3095
2998
3064
3004
2981
3028
2999
3002
3042
3009
3069
2961
2995
3057
3271
3048
2987
3040
3050
3011
2958
3044
3028
3028
3039
3043
3020
3053
2967
3051
2987
3047
2958
3017
3079
3001
3028
3089
2994
3081
2990
3001
3041
3020
2959
3083
3006
2988
2961
3079
3031
3019
3033
3068
3029
3021
3013
3012
3009
3039
3027
2996
3032
3041
3034
3005
3227
3042
3001
3013
3016
3028
3016
2988
3142
2998
3056
2955
3036
3057
3007
3015
3041
2981
3031
3014
2985
3004
3047
3016
2978
3083
3074
3016
3004
3029
3035
2995
2958
3022
3034
2991
2977
3080
2978
3038
2972
2998
3050
2987
3016
3029
3014
3032
2960
3005
3040
2984
3023
2995
3070
3035
2969
3064
2977
3041
3004
3002
3013
3245
3086
2998
3007
3080
3009
2983
3112
3007
3023
3021
2996
3068
3056
2970
3029
3022
3086
2985
3016
3075
3058
2989
3010
3085
3036
2984
2993
3093
3042
2988
2977
2993
3093
3041
2969
3072
2984
3087
3011
3028
3054
2990
2973
3001
3059
3025
2957
3043
3020
3045
2980
3069
3032
3057
3019
3072
3019
3036
3017
3039
3029
3027
2998
3029
3083
3014
3187
3021
3023
3088
3093
2942
3023
3049
3032
2989
3113
3054
3027
2969
3155
3019
3022
2991
3047
3086
3056
2983
3034
3078
3019
3009
2977
3029
2999
3066
2982
2998
3068
3021
2984
3099
2996
3068
2999
3073
3038
3132
2996
3041
3066
3010
3026
2983
3003
3137
3070
3059
3044
3109
3073
2973
3044
3099
2978
3002
3036
3007
3113
2976
3011
3063
3064
2992
3162
3119
3090
2986
3005
3271
3022
3031
2969
3061
3016
3021
2986
2994
3069
3027
2975
3076
3020
3025
3026
3012
3020
3074
2978
2997
3064
3089
3029
2996
3092
3015
2989
2992
3022
2976
3048
2998
3023
3022
3048
3025
3056
3016
3048
2988
3010
3065
3050
2975
3050
3021
3074
2952
3044
3043
3007
2993
3029
3079
3048
2970
3008
3029
2997
2963
2986
3046
3376
3056
3055
3000
3085
3034
2951
3063
3025
3070
2974
2976
3066
3001
2973
3108
3061
3001
3001
3038
3030
3030
2963
3022
3010
3039
2974
2998
3074
2978
2955
3047
3031
3008
3062
2978
3014
3049
3007
2964
3058
3017
2986
3004
3066
2989
3074
3023
2998
3106
2977
2966
3095
3033
3024
2981
3087
3019
3000
2991
3028
2966
3061
2986
3062
3037
3035
2965
3034
2990
3058
2964
3043
3052
3328
3139
3010
3005
3059
3033
2977
3105
2987
3091
2966
3067
3064
3027
3014
3025
3060
3008
3005
3054
3008
3085
3053
2999
3045
3033
2972
2987
3050
3024
2998
3013
3026
3005
3037
3020
3055
3055
3043
2964
3147
3032
3037
3003
3034
3064
3017
2953
3079
2995
3008
2988
3036
3048
3027
2990
3171
3077
3035
3024
2983
3086
2985
3050
2984
2999
3046
3032
2984
3033
2998
2979
2977
3037
3044
2993
2981
3064
3024
3034
3006
3007
3080
3078
2995
3039
3073
3001
3058
2965
3027
3044
3151
3024
3074
2990
3080
2992
3031
3102
3001
3004
3065
3008
3014
2964
3091
3025
3026
2969
3028
2991
3070
2966
3039
3052
3087
3063
2960
2991
3073
2971
2990
3031
3032
3038
2981
3039
3032
3021
3026
3011
3021
3029
2972
3055
3028
2999
2984
3032
3027
3074
2962
3009
3029
2991
2978
3001
3086
3006
2965
3065
2988
3057
2980
3081
3081
2973
3018
3085
2975
3090
3019
2960
3103
3094
3030
2994
3005
3074
3046
2970
3069
3004
3064
3036
3008
3008
3009
3019
3153
3013
3057
2990
2998
3080
3001
3001
3075
2987
3179
3024
2985
3076
3059
3015
2998
3017
3021
3067
2993
3059
3032
3037
3009
3028
3006
3048
3023
2990
3022
3205
2985
3041
3024
3004
3008
3026
3020
3073
3071
2956
3045
3031
3009
3047
2998
3117
3035
2971
3028
3034
3018
2986
3033
3030
3053
3028
3044
2989
3053
3006
2995
3113
2976
2983
3081
3030
2997
2952
3063
2990
3043
3002
3093
3018
3010
3009
2987
3038
2978
3051
3016
2976
3058
2992
2987
3020
3053
3045
2973
3053
3070
2992
3278
3062
3040
3004
2978
3054
3111
3057
3036
2989
3020
3042
3021
3011
3039
3012
3012
2973
3046
3137
2987
3009
3064
2999
3050
2949
3103
3021
3031
3014
3047
2990
3103
2946
3019
3064
2980
2972
3093
2989
3061
2957
3011
3038
2989
2982
3046
3005
3046
2971
3008
3053
2997
3018
2967
3044
2985
3009
2982
3019
3026
3042
2994
3025
3084
2984
3026
3023
3050
3083
2974
3008
3045
3035
2990
2998
3085
3044
2976
3066
3019
3049
2983
3003
3040
3029
2978
2995
2989
3055
2982
2986
3078
2998
2988
3058
2989
3014
2970
3009
3004
3025
2990
3013
3010
3018
2963
3017
3146
2976
3068
3020
3004
3115
2982
2952
3079
3001
3001
2972
3060
3004
3022
3027
3002
3051
3021
2956
2994
3078
3008
3005
2987
3107
3015
2951
3072
3018
3083
3131
3035
3080
3026
2971
3038
3040
3055
3022
2961
3045
3031
2979
3003
3069
2996
3017
2985
3076
3058
3045
3015
2999
3054
3012
2985
3062
2993
3014
3016
3007
3034
3040
2986
3058
2993
3059
2969
3031
3047
3182
2991
3003
3013
3068
3024
2969
3053
3006
3025
3028
2986
3044
3054
2950
2978
2992
3046
2973
3030
3021
3049
2967
3318
3147
3051
3012
3112
3039
3087
2989
3009
3038
3034
3062
2978
3038
3054
2990
3030
3027
3034
3080
2964
3026
3086
3013
2985
3063
3025
3066
2978
3070
2997
3080
2992
3043
3093
3038
3018
2994
3003
3102
3027
2988
3088
3051
3015
3016
2999
3063
3047
2997
3070
2983
3125
2998
2999
2997
3035
2978
3045
3010
3035
2980
3027
2988
3126
2972
3053
3063
3010
3051
2982
3001
3047
3046
2975
3017
3045
3008
2979
3043
3008
2994
3026
3017
2973
2989
2992
2989
3041
3032
2973
2999
3019
2974
2976
3013
2994
3062
2968
3023
3049
2980
3013
3036
3017
3102
2971
3018
3045
2995
2996
2989
3066
3000
2955
3102
3341
3074
3011
2971
3085
3089
2994
3000
3078
2982
3130
2973
3046
3009
3073
3042
3055
2983
3059
2967
3104
3031
3012
3025
3087
2994
3078
3003
2981
3100
3083
3032
3006
2975
3020
3039
3009
2988
3037
3033
2974
3095
2997
3003
3010
2997
2997
3087
2983
3077
3043
3041
2977
2982
3055
3023
2969
3121
3020
3183
3045
2969
3045
3066
2991
3013
3034
3054
3030
2965
3051
3056
3006
2994
3012
3067
3011
2950
3076
3020
2979
2989
3028
3025
3037
2967
3040
3012
3011
2978
2986
3058
3012
2951
3041
2988
3049
2988
3049
3032
3012
2947
3022
2994
3027
2996
3062
3012
3020
2971
3012
3055
3050
2993
3024
3265
3091
3035
3017
3050
3053
3040
2985
3112
3022
3022
3015
3047
3031
3062
2986
2995
2998
3147
3089
2985
3039
3058
3065
2993
2998
3043
2985
2974
3101
3027
3099
2980
2976
3049
3012
2979
3104
3026
3046
3008
2995
3069
3039
3019
3008
3052
3027
2959
3059
3045
3036
2970
3042
3068
2999
3069
2973
3013
2994
3012
2980
3027
3065
2991
3025
3095
2972
3033
3005
3030
3048
3028
2985
3032
3057
2990
2964
3085
3025
3045
2997
3048
2983
3033
2957
3026
3068
2975
2966
3046
3080
3021
2968
3033
3072
2993
3029
2943
3021
3043
2989
3061
3042
3023
3010
2957
3073
3028
3031
2972
2996
3058
2999
2975
3086
3115
3076
3007
3007
3069
3047
2950
3060
3030
3001
2997
3042
2997
3067
2991
3016
3039
3118
3012
2963
3088
3013
3011
2989
3055
3030
3140
3014
3038
3093
3000
3152
3088
3057
3057
2975
3060
3051
3009
3066
2986
3027
3040
3098
3030
3059
3000
3041
2992
3036
3082
2972
2961
3022
3039
3031
2972
3036
2977
3017
3017
2981
3021
3041
2993
3005
3045
3025
2960
3024
3039
3026
2973
3038
3018
3039
3007
2993
3028
2970
3022
3070
2966
3024
2951
3013
3047
2996
2968
3028
2986
2974
2949
3054
3208
3107
3051
3027
3028
3039
3017
3017
3001
3044
3050
2980
3029
3046
3032
2987
3156
3063
3011
2982
3031
3030
2999
3012
3026
3072
3003
2963
3041
3034
2976
3059
2982
3015
3036
3013
2987
3049
3052
3001
2969
3093
3074
2983
2995
3046
2998
3068
2979
3043
3094
3057
3001
3031
2999
3065
2949
2999
3040
3001
2993
3046
3091
2983
2977
3085
3032
3009
3006
2988
3063
3010
2971
3043
3031
2988
3070
2972
3063
3015
3002
2991
3011
3066
3021
2965
3066
3084
3001
3018
2973
3056
3026
2970
3040
2995
3022
2967
3049
3077
3077
2977
3016
3057
3022
2991
3019
3085
2990
2988
3042
2986
3054
2974
2977
3075
3326
3024
3028
3063
3064
3048
2991
3020
3016
3046
2988
3018
3089
3030
2939
3262
2985
3078
3025
2975
3080
3009
3025
3032
2999
2998
3042
2994
3054
2995
3067
2997
2977
3064
3031
2976
3051
2978
3040
2996
2992
3007
2975
3041
3027
3011
3058
2970
3114
3076
3003
3018
3056
2977
3081
2989
3013
3052
3036
3073
2993
2988
3064
3021
2948
3055
2999
3035
3006
2992
3038
2987
2985
3037
3000
3017
3011
2968
3046
2978
3014
3037
3008
3017
2960
3038
3028
3011
2981
3038
3039
2980
2948
3057
3020
3029
3000
2992
3037
3014
2962
3005
3070
2975
2999
3032
3040
3090
2973
2997
3024
3032
3002
3038
3015
3266
3079
3049
3029
3063
3012
2976
3095
3031
3032
3010
2970
3060
3044
2958
3078
2999
3039
2975
2991
3070
3016
2978
3007
3085
3068
3020
2985
3056
3023
2977
3035
3018
2997
2986
3024
3042
2998
3093
3005
3006
3054
3045
2972
3008
3045
3017
3008
2986
3033
3022
2992
3021
3009
3081
2995
3001
3101
3017
3017
3125
3044
3123
2978
3043
3045
3038
3039
3027
3043
3054
3048
2968
3075
3031
3049
3005
2987
3078
3036
2963
3095
3007
3067
3005
3011
3070
3039
3009
3035
3011
3088
3007
3034
3037
3002
3004
3006
3084
3079
3041
2970
3090
3016
3024
3003
3021
3053
3025
3033
3049
2972
3028
3004
2981
3085
3266
3049
3066
3009
3112
3053
2971
3070
2999
3043
3008
3022
3061
3036
2977
3044
3031
3089
3007
3028
3012
3059
2964
3000
3001
3056
2980
2983
3047
3003
2974
3055
3002
2992
2949
3057
2998
3019
2974
3010
3063
3055
2971
3044
3103
2982
3146
2976
3066
3062
3008
3002
3061
3006
3035
2995
2997
3101
2995
3012
3107
3053
2997
2975
3052
3002
2986
3008
3022
3041
3033
2965
3098
3018
3054
2977
3044
3028
2997
3046
3000
3011
3013
3009
2958
3046
3008
3010
3018
3015
2978
3046
2970
3009
3023
2985
2992
3046
3001
3059
2973
2975
3051
2985
2993
3016
3024
3052
2976
3018
3019
3039
2966
2997
3025
3056
3064
3101
2984
3045
3021
3038
3043
3085
2957
3052
3034
3036
2969
3034
3032
3051
3049
3039
3009
3062
3074
2968
3043
3041
3017
3025
3016
3033
3053
2959
3029
3204
3025
3013
3056
3012
3050
3024
3037
3044
3010
3020
2984
3069
2996
3041
2992
3012
3010
3024
2983
3019
3023
2993
2977
3020
3010
3010
3022
3022
3070
3042
3006
3022
3159
3038
3021
3061
2987
3059
2997
3078
3079
2997
3003
3073
2987
3032
2980
3047
2988
3030
3032
2991
3052
3051
3017
3019
3058
3020
3002
2931
3051
3031
3305
2995
3059
3033
3053
2986
3053
3027
3013
2980
2991
3033
3051
2951
3023
3040
3041
3090
3023
3009
3054
3049
2985
3041
3044
2977
2959
3103
3075
2998
2977
3059
2988
3049
2988
3043
3067
2999
3052
3077
3034
3031
2969
3091
3050
2988
3000
3040
3053
3073
3036
3027
3060
2983
3074
2973
3028
3039
2977
3036
3023
3031
3099
2959
3037
3086
3028
2989
3045
3076
3024
2969
3038
3073
3037
3001
3032
3042
3081
2998
3019
3064
3012
3048
2954
3040
3080
3001
2988
3031
3005
2979
2963
3036
3051
2990
2994
3036
3004
3023
2967
3077
3013
2985
2995
3008
3075
3044
2943
3364
3085
3052
3055
2984
3083
3069
3022
3020
2997
3077
3094
2978
3148
3074
3023
2973
3011
3038
2992
2989
3076
3038
2981
3016
3050
3003
3045
2974
3086
3029
3015
3114
2980
3044
3031
3037
2995
2981
3048
3003
2973
3103
3006
3050
3015
2986
3024
3043
2935
2993
3013
3111
3010
3001
3058
3021
2953
3237
3009
3167
3028
2986
3084
3006
3012
2990
3000
3092
3087
2972
3075
3017
3015
3016
2995
3041
3022
2971
3080
3003
3087
3006
2981
3086
3013
2970
3075
3047
3088
3019
3019
3081
3010
2970
3023
3041
3003
3047
2985
3038
3001
3069
3003
2995
3238
3042
2982
3071
3004
3074
2989
2999
3059
3024
2967
3054
2998
3130
3011
2980
3109
3003
3020
3020
3004
3025
3091
2993
3009
2994
3095
3083
2988
3052
3017
2977
3075
3047
3062
3015
3024
3025
3075
2962
3065
3065
3058
3019
3017
3120
3025
2985
3030
3055
3029
3054
2975
3000
3017
3120
2961
3031
3056
3089
2975
3038
2997
3045
3006
3023
3039
3043
2977
3007
3068
3053
2988
3038
3024
3043
3008
3051
3017
3048
3011
2966
3037
3034
3012
3012
3035
3016
3045
2960
3039
2976
3085
2982
2991
3058
2972
2983
3060
2982
3013
2983
3017
3009
3044
3024
2971
3021
3021
2956
3030
3017
3143
3075
3015
3043
3082
2944
3067
3051
3057
3128
3019
3009
3043
3028
2999
3051
2982
3010
2965
3035
3096
3004
3032
3089
3005
3073
2966
2987
3054
2988
3002
3055
3023
3021
2974
3050
3137
3038
2980
3008
3109
3134
2983
3009
3107
3004
3033
2971
3056
3096
2984
3035
3038
2993
3063
2950
3023
3080
3009
3015
3076
2978
3079
2977
3034
3078
2985
3116
3053
3050
3067
2993
3001
3066
2988
3065
2983
2994
3016
3075
3005
3172
2994
3073
2964
3020
3061
3003
2958
3020
3048
3008
2959
3048
3007
2986
3015
3036
2992
3084
2946
3129
3027
2976
3013
3004
3028
3017
2951
3031
3040
2999
3015
2995
3028
3030
2946
3014
3011
3089
2995
2957
3050
2995
3071
2991
3009
3055
2994
2965
3241
3073
3053
3008
3081
3000
3113
2959
3054
2990
3076
3014
3016
3101
3013
3035
3011
3042
3033
3090
2972
3034
3054
3062
3003
2982
3064
3035
2993
3026
3071
2978
3007
3063
3020
3093
2970
2985
3010
3057
3019
2998
3062
2991
3008
3075
2997
3069
3004
2966
3083
2990
3057
2990
3003
3099
2992
3020
3020
3038
3036
2963
3033
3034
3027
3006
3048
3010
3063
2997
2960
3071
2992
3001
3083
3015
3045
2960
3014
3069
3001
3003
3084
3075
3087
2948
3012
3024
2978
2951
2998
3042
3020
2964
3112
2988
3031
3022
2952
3048
3045
3001
2984
2981
3080
2983
2966
3053
3063
3025
3008
3041
3031
3076
2972
3041
3375
3027
3010
3040
3025
3055
3011
3044
3054
3005
3072
2972
3022
3078
2997
2994
3058
3001
3043
2986
3027
3005
3070
2972
2990
3051
3024
2954
3034
3084
3014
3007
3041
3029
3104
2960
3056
3042
3070
3006
3029
3001
3033
2970
3007
3031
3022
3048
2992
3062
3023
3047
3021
2990
3123
3052
2966
3098
2987
3051
2991
3076
3030
3081
2979
3043
3011
3052
3012
3074
3055
3007
2974
3065
2993
3028
3088
2993
3021
3039
3040
2977
2988
3033
3014
2963
3126
3000
3041
2987
2985
3045
3017
2984
3044
3032
3022
3001
3033
3003
3017
3020
3018
3041
3064
2983
3030
3038
3011
2995
3078
2985
3060
2958
3061
3245
3076
3045
3025
3046
3028
3055
2970
3088
3000
3080
3006
3019
3046
2997
3016
3050
2990
3094
2971
3000
3040
3021
2984
3059
3035
3054
3068
2961
3103
3004
3053
2998
3010
3081
3021
3033
3011
3066
3050
2997
3056
3042
3040
3027
3006
3029
3037
3031
3014
3079
2988
2982
3079
2998
3081
3020
3039
3047
3040
3021
2987
2983
3027
2989
3005
3092
2991
3005
3004
3051
3037
2994
3016
3101
2992
3135
3002
3072
3019
3067
2999
3024
3037
2999
2959
3087
3065
3003
3036
3021
3015
3096
3050
3015
3079
3020
2991
3020
3026
3023
2986
3005
3074
3009
3031
2961
3041
3011
3021
3019
3040
3056
3040
2979
